point0:(0.5,0.6,-0.03)
point1:(0.51,0.605,-0.0266667)
point2:(0.52,0.61,-0.0233333)
point3:(0.53,0.615,-0.02)
point4:(0.54,0.62,-0.0166667)
point5:(0.55,0.625,-0.0133333)
point6:(0.56,0.63,-0.01)
point7:(0.57,0.635,-0.0066667)
point8:(0.58,0.64,-0.0033333)
point9:(0.59,0.645,0.0)
point10:(0.5,0.65,0.0033333)
point11:(0.51,0.655,0.0066667)
point12:(0.52,0.66,0.01)
point13:(0.53,0.665,0.0133333)
point14:(0.54,0.67,0.0166667)
point15:(0.55,0.675,-0.03)
point16:(0.56,0.68,-0.0266667)
point17:(0.57,0.685,-0.0233333)
point18:(0.58,0.69,-0.02)
point19:(0.59,0.695,-0.0166667)
point20:(0.5,0.6,-0.0133333)
point21:(0.51,0.605,-0.01)
point22:(0.52,0.61,-0.0066667)
point23:(0.53,0.615,-0.0033333)
point24:(0.54,0.62,0.0)
point25:(0.55,0.625,0.0033333)
point26:(0.56,0.63,0.0066667)
point27:(0.57,0.635,0.01)
point28:(0.58,0.64,0.0133333)
point29:(0.59,0.645,0.0166667)
point30:(0.5,0.65,-0.03)
point31:(0.51,0.655,-0.0266667)
point32:(0.52,0.66,-0.0233333)
point33:(0.53,0.665,-0.02)
point34:(0.54,0.67,-0.0166667)
point35:(0.55,0.675,-0.0133333)
point36:(0.56,0.68,-0.01)
point37:(0.57,0.685,-0.0066667)
point38:(0.58,0.69,-0.0033333)
point39:(0.59,0.695,0.0)
point40:(0.5,0.6,0.0033333)
point41:(0.51,0.605,0.0066667)
point42:(0.52,0.61,0.01)
point43:(0.53,0.615,0.0133333)
point44:(0.54,0.62,0.0166667)
point45:(0.55,0.625,-0.03)
point46:(0.56,0.63,-0.0266667)
point47:(0.57,0.635,-0.0233333)
point48:(0.58,0.64,-0.02)
point49:(0.59,0.645,-0.0166667)
point50:(0.5,0.65,-0.0133333)
point51:(0.51,0.655,-0.01)
point52:(0.52,0.66,-0.0066667)
point53:(0.53,0.665,-0.0033333)
point54:(0.54,0.67,0.0)
point55:(0.55,0.675,0.0033333)
point56:(0.56,0.68,0.0066667)
point57:(0.57,0.685,0.01)
point58:(0.58,0.69,0.0133333)
point59:(0.59,0.695,0.0166667)
point60:(0.5,0.6,-0.03)
point61:(0.51,0.605,-0.0266667)
point62:(0.52,0.61,-0.0233333)
point63:(0.53,0.615,-0.02)
point64:(0.54,0.62,-0.0166667)
point65:(0.55,0.625,-0.0133333)
point66:(0.56,0.63,-0.01)
point67:(0.57,0.635,-0.0066667)
point68:(0.58,0.64,-0.0033333)
point69:(0.59,0.645,0.0)
point70:(0.5,0.65,0.0033333)
point71:(0.51,0.655,0.0066667)
point72:(0.52,0.66,0.01)
point73:(0.53,0.665,0.0133333)
point74:(0.54,0.67,0.0166667)
point75:(0.55,0.675,-0.03)
point76:(0.56,0.68,-0.0266667)
point77:(0.57,0.685,-0.0233333)
point78:(0.58,0.69,-0.02)
point79:(0.59,0.695,-0.0166667)
point80:(0.5,0.6,-0.0133333)
point81:(0.51,0.605,-0.01)
point82:(0.52,0.61,-0.0066667)
point83:(0.53,0.615,-0.0033333)
point84:(0.54,0.62,0.0)
point85:(0.55,0.625,0.0033333)
point86:(0.56,0.63,0.0066667)
point87:(0.57,0.635,0.01)
point88:(0.58,0.64,0.0133333)
point89:(0.59,0.645,0.0166667)
point90:(0.5,0.65,-0.03)
point91:(0.51,0.655,-0.0266667)
point92:(0.52,0.66,-0.0233333)
point93:(0.53,0.665,-0.02)
point94:(0.54,0.67,-0.0166667)
point95:(0.55,0.675,-0.0133333)
point96:(0.56,0.68,-0.01)
point97:(0.57,0.685,-0.0066667)
point98:(0.58,0.69,-0.0033333)
point99:(0.59,0.695,0.0)
point100:(0.5,0.6,0.0033333)
point101:(0.51,0.605,0.0066667)
point102:(0.52,0.61,0.01)
point103:(0.53,0.615,0.0133333)
point104:(0.54,0.62,0.0166667)
point105:(0.55,0.625,-0.03)
point106:(0.56,0.63,-0.0266667)
point107:(0.57,0.635,-0.0233333)
point108:(0.58,0.64,-0.02)
point109:(0.59,0.645,-0.0166667)
point110:(0.5,0.65,-0.0133333)
point111:(0.51,0.655,-0.01)
point112:(0.52,0.66,-0.0066667)
point113:(0.53,0.665,-0.0033333)
point114:(0.54,0.67,0.0)
point115:(0.55,0.675,0.0033333)
point116:(0.56,0.68,0.0066667)
point117:(0.57,0.685,0.01)
point118:(0.58,0.69,0.0133333)
point119:(0.59,0.695,0.0166667)
point120:(0.5,0.6,-0.03)
point121:(0.51,0.605,-0.0266667)
point122:(0.52,0.61,-0.0233333)
point123:(0.53,0.615,-0.02)
point124:(0.54,0.62,-0.0166667)
point125:(0.55,0.625,-0.0133333)
point126:(0.56,0.63,-0.01)
point127:(0.57,0.635,-0.0066667)
point128:(0.58,0.64,-0.0033333)
point129:(0.59,0.645,0.0)
point130:(0.5,0.65,0.0033333)
point131:(0.51,0.655,0.0066667)
point132:(0.52,0.66,0.01)
point133:(0.53,0.665,0.0133333)
point134:(0.54,0.67,0.0166667)
point135:(0.55,0.675,-0.03)
point136:(0.56,0.68,-0.0266667)
point137:(0.57,0.685,-0.0233333)
point138:(0.58,0.69,-0.02)
point139:(0.59,0.695,-0.0166667)
point140:(0.5,0.6,-0.0133333)
point141:(0.51,0.605,-0.01)
point142:(0.52,0.61,-0.0066667)
point143:(0.53,0.615,-0.0033333)
point144:(0.54,0.62,0.0)
point145:(0.55,0.625,0.0033333)
point146:(0.56,0.63,0.0066667)
point147:(0.57,0.635,0.01)
point148:(0.58,0.64,0.0133333)
point149:(0.59,0.645,0.0166667)
point150:(0.5,0.65,-0.03)
point151:(0.51,0.655,-0.0266667)
point152:(0.52,0.66,-0.0233333)
point153:(0.53,0.665,-0.02)
point154:(0.54,0.67,-0.0166667)
point155:(0.55,0.675,-0.0133333)
point156:(0.56,0.68,-0.01)
point157:(0.57,0.685,-0.0066667)
point158:(0.58,0.69,-0.0033333)
point159:(0.59,0.695,0.0)
point160:(0.5,0.6,0.0033333)
point161:(0.51,0.605,0.0066667)
point162:(0.52,0.61,0.01)
point163:(0.53,0.615,0.0133333)
point164:(0.54,0.62,0.0166667)
point165:(0.55,0.625,-0.03)
point166:(0.56,0.63,-0.0266667)
point167:(0.57,0.635,-0.0233333)
point168:(0.58,0.64,-0.02)
point169:(0.59,0.645,-0.0166667)
point170:(0.5,0.65,-0.0133333)
point171:(0.51,0.655,-0.01)
point172:(0.52,0.66,-0.0066667)
point173:(0.53,0.665,-0.0033333)
point174:(0.54,0.67,0.0)
point175:(0.55,0.675,0.0033333)
point176:(0.56,0.68,0.0066667)
point177:(0.57,0.685,0.01)
point178:(0.58,0.69,0.0133333)
point179:(0.59,0.695,0.0166667)
point180:(0.5,0.6,-0.03)
point181:(0.51,0.605,-0.0266667)
point182:(0.52,0.61,-0.0233333)
point183:(0.53,0.615,-0.02)
point184:(0.54,0.62,-0.0166667)
point185:(0.55,0.625,-0.0133333)
point186:(0.56,0.63,-0.01)
point187:(0.57,0.635,-0.0066667)
point188:(0.58,0.64,-0.0033333)
point189:(0.59,0.645,0.0)
point190:(0.5,0.65,0.0033333)
point191:(0.51,0.655,0.0066667)
point192:(0.52,0.66,0.01)
point193:(0.53,0.665,0.0133333)
point194:(0.54,0.67,0.0166667)
point195:(0.55,0.675,-0.03)
point196:(0.56,0.68,-0.0266667)
point197:(0.57,0.685,-0.0233333)
point198:(0.58,0.69,-0.02)
point199:(0.59,0.695,-0.0166667)
point200:(0.5,0.6,-0.0133333)
point201:(0.51,0.605,-0.01)
point202:(0.52,0.61,-0.0066667)
point203:(0.53,0.615,-0.0033333)
point204:(0.54,0.62,0.0)
point205:(0.55,0.625,0.0033333)
point206:(0.56,0.63,0.0066667)
point207:(0.57,0.635,0.01)
point208:(0.58,0.64,0.0133333)
point209:(0.59,0.645,0.0166667)
point210:(0.5,0.65,-0.03)
point211:(0.51,0.655,-0.0266667)
point212:(0.52,0.66,-0.0233333)
point213:(0.53,0.665,-0.02)
point214:(0.54,0.67,-0.0166667)
point215:(0.55,0.675,-0.0133333)
point216:(0.56,0.68,-0.01)
point217:(0.57,0.685,-0.0066667)
point218:(0.58,0.69,-0.0033333)
point219:(0.59,0.695,0.0)
point220:(0.5,0.6,0.0033333)
point221:(0.51,0.605,0.0066667)
point222:(0.52,0.61,0.01)
point223:(0.53,0.615,0.0133333)
point224:(0.54,0.62,0.0166667)
point225:(0.55,0.625,-0.03)
point226:(0.56,0.63,-0.0266667)
point227:(0.57,0.635,-0.0233333)
point228:(0.58,0.64,-0.02)
point229:(0.59,0.645,-0.0166667)
point230:(0.5,0.65,-0.0133333)
point231:(0.51,0.655,-0.01)
point232:(0.52,0.66,-0.0066667)
point233:(0.53,0.665,-0.0033333)
point234:(0.54,0.67,0.0)
point235:(0.55,0.675,0.0033333)
point236:(0.56,0.68,0.0066667)
point237:(0.57,0.685,0.01)
point238:(0.58,0.69,0.0133333)
point239:(0.59,0.695,0.0166667)
point240:(0.5,0.6,-0.03)
point241:(0.51,0.605,-0.0266667)
point242:(0.52,0.61,-0.0233333)
point243:(0.53,0.615,-0.02)
point244:(0.54,0.62,-0.0166667)
point245:(0.55,0.625,-0.0133333)
point246:(0.56,0.63,-0.01)
point247:(0.57,0.635,-0.0066667)
point248:(0.58,0.64,-0.0033333)
point249:(0.59,0.645,0.0)
point250:(0.5,0.65,0.0033333)
point251:(0.51,0.655,0.0066667)
point252:(0.52,0.66,0.01)
point253:(0.53,0.665,0.0133333)
point254:(0.54,0.67,0.0166667)
point255:(0.55,0.675,-0.03)
point256:(0.56,0.68,-0.0266667)
point257:(0.57,0.685,-0.0233333)
point258:(0.58,0.69,-0.02)
point259:(0.59,0.695,-0.0166667)
point260:(0.5,0.6,-0.0133333)
point261:(0.51,0.605,-0.01)
point262:(0.52,0.61,-0.0066667)
point263:(0.53,0.615,-0.0033333)
point264:(0.54,0.62,0.0)
point265:(0.55,0.625,0.0033333)
point266:(0.56,0.63,0.0066667)
point267:(0.57,0.635,0.01)
point268:(0.58,0.64,0.0133333)
point269:(0.59,0.645,0.0166667)
point270:(0.5,0.65,-0.03)
point271:(0.51,0.655,-0.0266667)
point272:(0.52,0.66,-0.0233333)
point273:(0.53,0.665,-0.02)
point274:(0.54,0.67,-0.0166667)
point275:(0.55,0.675,-0.0133333)
point276:(0.56,0.68,-0.01)
point277:(0.57,0.685,-0.0066667)
point278:(0.58,0.69,-0.0033333)
point279:(0.59,0.695,0.0)
point280:(0.5,0.6,0.0033333)
point281:(0.51,0.605,0.0066667)
point282:(0.52,0.61,0.01)
point283:(0.53,0.615,0.0133333)
point284:(0.54,0.62,0.0166667)
point285:(0.55,0.625,-0.03)
point286:(0.56,0.63,-0.0266667)
point287:(0.57,0.635,-0.0233333)
point288:(0.58,0.64,-0.02)
point289:(0.59,0.645,-0.0166667)
point290:(0.5,0.65,-0.0133333)
point291:(0.51,0.655,-0.01)
point292:(0.52,0.66,-0.0066667)
point293:(0.53,0.665,-0.0033333)
point294:(0.54,0.67,0.0)
point295:(0.55,0.675,0.0033333)
point296:(0.56,0.68,0.0066667)
point297:(0.57,0.685,0.01)
point298:(0.58,0.69,0.0133333)
point299:(0.59,0.695,0.0166667)
point300:(0.5,0.6,-0.03)
point301:(0.51,0.605,-0.0266667)
point302:(0.52,0.61,-0.0233333)
point303:(0.53,0.615,-0.02)
point304:(0.54,0.62,-0.0166667)
point305:(0.55,0.625,-0.0133333)
point306:(0.56,0.63,-0.01)
point307:(0.57,0.635,-0.0066667)
point308:(0.58,0.64,-0.0033333)
point309:(0.59,0.645,0.0)
point310:(0.5,0.65,0.0033333)
point311:(0.51,0.655,0.0066667)
point312:(0.52,0.66,0.01)
point313:(0.53,0.665,0.0133333)
point314:(0.54,0.67,0.0166667)
point315:(0.55,0.675,-0.03)
point316:(0.56,0.68,-0.0266667)
point317:(0.57,0.685,-0.0233333)
point318:(0.58,0.69,-0.02)
point319:(0.59,0.695,-0.0166667)
point320:(0.5,0.6,-0.0133333)
point321:(0.51,0.605,-0.01)
point322:(0.52,0.61,-0.0066667)
point323:(0.53,0.615,-0.0033333)
point324:(0.54,0.62,0.0)
point325:(0.55,0.625,0.0033333)
point326:(0.56,0.63,0.0066667)
point327:(0.57,0.635,0.01)
point328:(0.58,0.64,0.0133333)
point329:(0.59,0.645,0.0166667)
point330:(0.5,0.65,-0.03)
point331:(0.51,0.655,-0.0266667)
point332:(0.52,0.66,-0.0233333)
point333:(0.53,0.665,-0.02)
point334:(0.54,0.67,-0.0166667)
point335:(0.55,0.675,-0.0133333)
point336:(0.56,0.68,-0.01)
point337:(0.57,0.685,-0.0066667)
point338:(0.58,0.69,-0.0033333)
point339:(0.59,0.695,0.0)
point340:(0.5,0.6,0.0033333)
point341:(0.51,0.605,0.0066667)
point342:(0.52,0.61,0.01)
point343:(0.53,0.615,0.0133333)
point344:(0.54,0.62,0.0166667)
point345:(0.55,0.625,-0.03)
point346:(0.56,0.63,-0.0266667)
point347:(0.57,0.635,-0.0233333)
point348:(0.58,0.64,-0.02)
point349:(0.59,0.645,-0.0166667)
point350:(0.5,0.65,-0.0133333)
point351:(0.51,0.655,-0.01)
point352:(0.52,0.66,-0.0066667)
point353:(0.53,0.665,-0.0033333)
point354:(0.54,0.67,0.0)
point355:(0.55,0.675,0.0033333)
point356:(0.56,0.68,0.0066667)
point357:(0.57,0.685,0.01)
point358:(0.58,0.69,0.0133333)
point359:(0.59,0.695,0.0166667)
point360:(0.5,0.6,-0.03)
point361:(0.51,0.605,-0.0266667)
point362:(0.52,0.61,-0.0233333)
point363:(0.53,0.615,-0.02)
point364:(0.54,0.62,-0.0166667)
point365:(0.55,0.625,-0.0133333)
point366:(0.56,0.63,-0.01)
point367:(0.57,0.635,-0.0066667)
point368:(0.58,0.64,-0.0033333)
point369:(0.59,0.645,0.0)
point370:(0.5,0.65,0.0033333)
point371:(0.51,0.655,0.0066667)
point372:(0.52,0.66,0.01)
point373:(0.53,0.665,0.0133333)
point374:(0.54,0.67,0.0166667)
point375:(0.55,0.675,-0.03)
point376:(0.56,0.68,-0.0266667)
point377:(0.57,0.685,-0.0233333)
point378:(0.58,0.69,-0.02)
point379:(0.59,0.695,-0.0166667)
point380:(0.5,0.6,-0.0133333)
point381:(0.51,0.605,-0.01)
point382:(0.52,0.61,-0.0066667)
point383:(0.53,0.615,-0.0033333)
point384:(0.54,0.62,0.0)
point385:(0.55,0.625,0.0033333)
point386:(0.56,0.63,0.0066667)
point387:(0.57,0.635,0.01)
point388:(0.58,0.64,0.0133333)
point389:(0.59,0.645,0.0166667)
point390:(0.5,0.65,-0.03)
point391:(0.51,0.655,-0.0266667)
point392:(0.52,0.66,-0.0233333)
point393:(0.53,0.665,-0.02)
point394:(0.54,0.67,-0.0166667)
point395:(0.55,0.675,-0.0133333)
point396:(0.56,0.68,-0.01)
point397:(0.57,0.685,-0.0066667)
point398:(0.58,0.69,-0.0033333)
point399:(0.59,0.695,0.0)
point400:(0.5,0.6,0.0033333)
point401:(0.51,0.605,0.0066667)
point402:(0.52,0.61,0.01)
point403:(0.53,0.615,0.0133333)
point404:(0.54,0.62,0.0166667)
point405:(0.55,0.625,-0.03)
point406:(0.56,0.63,-0.0266667)
point407:(0.57,0.635,-0.0233333)
point408:(0.58,0.64,-0.02)
point409:(0.59,0.645,-0.0166667)
point410:(0.5,0.65,-0.0133333)
point411:(0.51,0.655,-0.01)
point412:(0.52,0.66,-0.0066667)
point413:(0.53,0.665,-0.0033333)
point414:(0.54,0.67,0.0)
point415:(0.55,0.675,0.0033333)
point416:(0.56,0.68,0.0066667)
point417:(0.57,0.685,0.01)
point418:(0.58,0.69,0.0133333)
point419:(0.59,0.695,0.0166667)
point420:(0.5,0.6,-0.03)
point421:(0.51,0.605,-0.0266667)
point422:(0.52,0.61,-0.0233333)
point423:(0.53,0.615,-0.02)
point424:(0.54,0.62,-0.0166667)
point425:(0.55,0.625,-0.0133333)
point426:(0.56,0.63,-0.01)
point427:(0.57,0.635,-0.0066667)
point428:(0.58,0.64,-0.0033333)
point429:(0.59,0.645,0.0)
point430:(0.5,0.65,0.0033333)
point431:(0.51,0.655,0.0066667)
point432:(0.52,0.66,0.01)
point433:(0.53,0.665,0.0133333)
point434:(0.54,0.67,0.0166667)
point435:(0.55,0.675,-0.03)
point436:(0.56,0.68,-0.0266667)
point437:(0.57,0.685,-0.0233333)
point438:(0.58,0.69,-0.02)
point439:(0.59,0.695,-0.0166667)
point440:(0.5,0.6,-0.0133333)
point441:(0.51,0.605,-0.01)
point442:(0.52,0.61,-0.0066667)
point443:(0.53,0.615,-0.0033333)
point444:(0.54,0.62,0.0)
point445:(0.55,0.625,0.0033333)
point446:(0.56,0.63,0.0066667)
point447:(0.57,0.635,0.01)
point448:(0.58,0.64,0.0133333)
point449:(0.59,0.645,0.0166667)
point450:(0.5,0.65,-0.03)
point451:(0.51,0.655,-0.0266667)
point452:(0.52,0.66,-0.0233333)
point453:(0.53,0.665,-0.02)
point454:(0.54,0.67,-0.0166667)
point455:(0.55,0.675,-0.0133333)
point456:(0.56,0.68,-0.01)
point457:(0.57,0.685,-0.0066667)
point458:(0.58,0.69,-0.0033333)
point459:(0.59,0.695,0.0)
point460:(0.5,0.6,0.0033333)
point461:(0.51,0.605,0.0066667)
point462:(0.52,0.61,0.01)
point463:(0.53,0.615,0.0133333)
point464:(0.54,0.62,0.0166667)
point465:(0.55,0.625,-0.03)
point466:(0.56,0.63,-0.0266667)